#Strom Temperatur
0.3e-11   -57
0.3e-11   -53.9
0.3e-11   -51.6
0.35e-11  -48.9
0.4e-11   -46.8
0.5e-11   -45.1
0.8e-11   -43.5
0.7e-11   -41.9
0.8e-11 	-40.3
0.9e-11   -38.9
1e-11     -37.3
1.1e-11   -36.1
1.2e-11   -34.6
1.4e-11   -33.6
1.7e-11   -32.3
1.9e-11   -31.1
2.2e-11   -29.9
2.6e-11   -28.7
3.05e-11  -27.6
3.5e-11   -26.5
3.8e-11   -25.5
4.7e-11   -24.4
5.2e-11   -23.4
5.9e-11   -22.4
6.7e-11   -21.2
7.1e-11   -20.8
7.5e-11   -20.2
7.8e-11   -19.6
8.4e-11   -19.0
8.8e-11   -18.4
9.4e-11   -17.9
#
1e-10     -17.3
1e-10     -16.6
1.05e-10  -15.2
1.1e-10   -14.6
1.1e-10   -14
1.1e-10   -13.6
1.1e-10   -12.9
1.0e-10   -12
0.95e-10  -11.4
0.9e-10   -11
0.9e-10   -10.4
#
8.1e-11   -9.9
7.7e-11   -9.3
7.3e-11   -8.8
6.7e-11   -8.2
6.2e-11   -7.7
5.7e-11   -7.1
4.8e-11   -5.9
4.0e-11   -4.8
3.0e-11   -3.6
2.8e-11   -2.4
2.5e-11   -1.3
2.4e-11   -0.4
2.4e-11   0.5
2.4e-11   1.7
2.5e-11   2.9
2.5e-11   4.1
2.6e-11   5.2
2.7e-11 	6.2
2.7e-11   7.3
2.8e-11   8.5
2.95e-11  9.7
3.05e-11  10.9
3.15e-11  12.1
3.25e-11  13.3
3.35e-11  14.5
3.4e-11   15.6
3.45e-11  16.7
3.5e-11   17.9
