3.8 132
3.9 135
4 138
4.1 142
4.2 144
4.3 147
4.4 150
4.5 155
4.6 162
4.7 171
4.8 176
4.9 182
4.95 189
5 190
5.05 196
5.1 198
5.15 203
5.2 208
5.25 216
5.3 222
5.35 224
5.4 229
5.45 239
5.5 249
5.55 258
5.6 272
5.65 283
5.7 294
5.75 309
5.8 317
5.85 330
5.9 339
5.95 349
6 361
6.05 367
6.1 370
6.15 370
6.2 367
6.25 358
6.3 347
6.35 334
6.4 308
6.45 288
6.5 268
6.55 246
6.6 229
6.65 217
6.7 212
6.75 216
6.8 224
6.85 236
6.9 249
6.95 264
7 277
7.05 286
7.1 301
7.15 313
7.2 324
7.25 335
7.3 341
7.35 347
7.4 352
7.45 346
7.5 344
7.55 336
7.6 328
7.65 320
7.7 307
7.75 292
7.8 286
7.85 276
7.9 269
7.95 261
8 254
8.05 246
8.1 236
8.15 231
8.2 221
8.25 216
8.3 209
8.35 208
8.4 201
8.45 200
8.5 195
8.55 191
8.6 186
8.65 183
8.7 179
8.8 174
8.9 169
9 166
9.1 159
9.2 153
9.3 150
9.4 146
9.5 142
9.6 140
9.7 137
9.8 135