3.3 133
3.4 134
3.5 133
3.6 137
3.7 140
3.8 142
3.9 147
4 150
4.1 153
4.2 158
4.3 162
4.4 165
4.5 170
4.6 175
4.7 180
4.8 187
4.9 192
4.95 196
5 201
5.05 205
5.1 209
5.15 212
5.2 218
5.25 224
5.3 229
5.35 239
5.4 244
5.45 253
5.5 264
5.55 274
5.6 283
5.65 291
5.7 301
5.75 313
5.8 322
5.85 329
5.9 337
5.95 339
6 343
6.05 344
6.1 339
6.15 331
6.2 325
6.25 314
6.3 299
6.35 277
6.4 258
6.45 242
6.5 221
6.55 205
6.6 194
6.65 189
6.7 182
6.75 188
6.8 194
6.85 204
6.9 216
6.95 229
7 240
7.05 249
7.1 264
7.15 272
7.2 287
7.25 296
7.3 307
7.35 314
7.4 319
7.45 323
7.5 325
7.55 320
7.6 317
7.65 312
7.7 303
7.75 294
7.8 287
7.85 280
7.9 271
7.95 265
8 260
8.05 250
8.1 244
8.15 238
8.2 234
8.25 229
8.3 230
8.35 220
8.4 216
8.45 210
8.5 203
8.55 199
8.6 194
8.65 187
8.7 188
8.8 180
8.9 173
9 170
9.1 165
9.2 162
9.3 157
9.4 155
9.5 150
9.6 146
9.7 142
9.8 139
9.9 139
10 138