3.3 131
3.4 134
3.5 137
3.6 140
3.7 142
3.8 146
3.9 148
4 152
4.1 156
4.2 161
4.3 163
4.4 169
4.5 175
4.6 183
4.7 193
4.8 199
4.85 202
4.9 206
4.95 210
5 213
5.05 219
5.1 226
5.15 229
5.2 233
5.25 242
5.3 244
5.35 248
5.4 257
5.45 264
5.5 271
5.55 284
5.6 287
5.65 296
5.7 302
5.75 308
5.8 306
5.85 308
5.9 307
5.95 305
6 300
6.05 296
6.1 286
6.15 277
6.2 267
6.25 252
6.3 219
6.35 207
6.4 193
6.45 178
6.5 167
6.55 158
6.6 154
6.65 154
6.7 156
6.75 161
6.8 171
6.85 176
6.9 187
6.95 195
7 203
7.05 214
7.1 223
7.15 234
7.2 245
7.25 256
7.3 265
7.35 272
7.4 279
7.45 285
7.5 289
7.55 289
7.6 292
7.65 288
7.7 281
7.75 280
7.8 276
7.85 272
7.9 267
7.95 263
8 261
8.05 253
8.1 250
8.15 245
8.2 239
8.25 231
8.3 227
8.35 222
8.4 215
8.45 210
8.5 206
8.55 202
8.6 198
8.65 193
8.7 186
8.8 178
8.9 175
9 171
9.1 166
9.2 162
9.3 157
9.4 154
9.5 149
9.6 146
9.7 140
9.8 140
9.9 137
10 135
10.1 134