3.3 136
3.4 137
3.5 138
3.6 142
3.7 146
3.8 151
3.9 153
4 158
4.1 163
4.2 166
4.3 171
4.4 177
4.5 184
4.6 191
4.7 195
4.75 199
4.8 205
4.85 209
4.9 210
4.95 214
5 218
5.05 222
5.1 226
5.15 232
5.2 238
5.25 241
5.3 247
5.35 252
5.4 258
5.45 263
5.5 269
5.55 274
5.6 278
5.65 284
5.7 289
5.75 289
5.8 286
5.85 284
5.9 282
5.95 276
6 272
6.05 264
6.1 256
6.15 246
6.2 234
6.25 218
6.3 206
6.35 195
6.4 184
6.45 170
6.5 162
6.55 153
6.6 149
6.65 144
6.7 144
6.75 146
6.8 151
6.85 156
6.9 162
6.95 167
7 178
7.05 184
7.1 193
7.15 202
7.2 212
7.25 218
7.3 232
7.35 240
7.4 246
7.45 255
7.5 263
7.55 268
7.6 273
7.65 274
7.7 274
7.75 272
7.8 271
7.85 269
7.9 266
7.95 264
8 255
8.05 250
8.1 249
8.15 246
8.2 244
8.25 238
8.3 232
8.35 228
8.4 226
8.45 221
8.5 216
8.55 212
8.6 207
8.65 203
8.7 200
8.75 196
8.8 192
8.9 187
9 183
9.1 178
9.2 172
9.3 169
9.4 162
9.5 157
9.6 156
9.7 152
9.8 150
9.9 146
10 144
10.1 143
10.2 140
10.3 140
10.4 137
10.5 133