3.3 100
3.4 102
3.5 104
3.6 106
3.7 109
3.8 111
3.9 115
4 116
4.1 120
4.2 122
4.3 124
4.4 123
4.5 124
4.6 136
4.7 128
4.8 129
4.9 133
5 132
5.1 133
5.2 133
5.3 134
5.4 138
5.5 142
5.6 145
5.65 146
5.7 150
5.75 155
5.8 159
5.85 165
5.9 171
5.95 179
6 189
6.05 203
6.1 222
6.15 245
6.2 279
6.25 322
6.3 379
6.35 444
6.4 519
6.45 604
6.5 685
6.55 754
6.6 808
6.65 848
6.7 862
6.75 854
6.8 824
6.85 784
6.9 740
6.95 688
7 634
7.05 581
7.1 524
7.15 474
7.2 418
7.25 365
7.3 320
7.35 275
7.4 242
7.45 215
7.5 195
7.55 180
7.6 172
7.7 162
7.8 152
7.9 148
8 145
8.1 143
8.2 141
8.3 136
8.4 136
8.5 133
8.6 131
8.7 129
8.8 131
8.9 131
9 132
9.1 133
9.2 132
9.3 131
9.4 129
9.5 128
9.6 120
9.7 119
9.8 117
9.9 116
10 114
10.1 113
10.2 111
10.3 109
10.4 108
10.5 106
10.6 105